{
    "acc": 0.6805696846388606,
    "precision": 0.634020618556701,
    "recall": 0.3360655737704918,
    "f1score": 0.4392857142857143
}